{
 "cells": [
  {
   "cell_type": "code",
   "execution_count": 1,
   "metadata": {},
   "outputs": [
    {
     "data": {
      "text/plain": [
       "{'data': array([[5.1, 3.5, 1.4, 0.2],\n",
       "        [4.9, 3. , 1.4, 0.2],\n",
       "        [4.7, 3.2, 1.3, 0.2],\n",
       "        [4.6, 3.1, 1.5, 0.2],\n",
       "        [5. , 3.6, 1.4, 0.2],\n",
       "        [5.4, 3.9, 1.7, 0.4],\n",
       "        [4.6, 3.4, 1.4, 0.3],\n",
       "        [5. , 3.4, 1.5, 0.2],\n",
       "        [4.4, 2.9, 1.4, 0.2],\n",
       "        [4.9, 3.1, 1.5, 0.1],\n",
       "        [5.4, 3.7, 1.5, 0.2],\n",
       "        [4.8, 3.4, 1.6, 0.2],\n",
       "        [4.8, 3. , 1.4, 0.1],\n",
       "        [4.3, 3. , 1.1, 0.1],\n",
       "        [5.8, 4. , 1.2, 0.2],\n",
       "        [5.7, 4.4, 1.5, 0.4],\n",
       "        [5.4, 3.9, 1.3, 0.4],\n",
       "        [5.1, 3.5, 1.4, 0.3],\n",
       "        [5.7, 3.8, 1.7, 0.3],\n",
       "        [5.1, 3.8, 1.5, 0.3],\n",
       "        [5.4, 3.4, 1.7, 0.2],\n",
       "        [5.1, 3.7, 1.5, 0.4],\n",
       "        [4.6, 3.6, 1. , 0.2],\n",
       "        [5.1, 3.3, 1.7, 0.5],\n",
       "        [4.8, 3.4, 1.9, 0.2],\n",
       "        [5. , 3. , 1.6, 0.2],\n",
       "        [5. , 3.4, 1.6, 0.4],\n",
       "        [5.2, 3.5, 1.5, 0.2],\n",
       "        [5.2, 3.4, 1.4, 0.2],\n",
       "        [4.7, 3.2, 1.6, 0.2],\n",
       "        [4.8, 3.1, 1.6, 0.2],\n",
       "        [5.4, 3.4, 1.5, 0.4],\n",
       "        [5.2, 4.1, 1.5, 0.1],\n",
       "        [5.5, 4.2, 1.4, 0.2],\n",
       "        [4.9, 3.1, 1.5, 0.2],\n",
       "        [5. , 3.2, 1.2, 0.2],\n",
       "        [5.5, 3.5, 1.3, 0.2],\n",
       "        [4.9, 3.6, 1.4, 0.1],\n",
       "        [4.4, 3. , 1.3, 0.2],\n",
       "        [5.1, 3.4, 1.5, 0.2],\n",
       "        [5. , 3.5, 1.3, 0.3],\n",
       "        [4.5, 2.3, 1.3, 0.3],\n",
       "        [4.4, 3.2, 1.3, 0.2],\n",
       "        [5. , 3.5, 1.6, 0.6],\n",
       "        [5.1, 3.8, 1.9, 0.4],\n",
       "        [4.8, 3. , 1.4, 0.3],\n",
       "        [5.1, 3.8, 1.6, 0.2],\n",
       "        [4.6, 3.2, 1.4, 0.2],\n",
       "        [5.3, 3.7, 1.5, 0.2],\n",
       "        [5. , 3.3, 1.4, 0.2],\n",
       "        [7. , 3.2, 4.7, 1.4],\n",
       "        [6.4, 3.2, 4.5, 1.5],\n",
       "        [6.9, 3.1, 4.9, 1.5],\n",
       "        [5.5, 2.3, 4. , 1.3],\n",
       "        [6.5, 2.8, 4.6, 1.5],\n",
       "        [5.7, 2.8, 4.5, 1.3],\n",
       "        [6.3, 3.3, 4.7, 1.6],\n",
       "        [4.9, 2.4, 3.3, 1. ],\n",
       "        [6.6, 2.9, 4.6, 1.3],\n",
       "        [5.2, 2.7, 3.9, 1.4],\n",
       "        [5. , 2. , 3.5, 1. ],\n",
       "        [5.9, 3. , 4.2, 1.5],\n",
       "        [6. , 2.2, 4. , 1. ],\n",
       "        [6.1, 2.9, 4.7, 1.4],\n",
       "        [5.6, 2.9, 3.6, 1.3],\n",
       "        [6.7, 3.1, 4.4, 1.4],\n",
       "        [5.6, 3. , 4.5, 1.5],\n",
       "        [5.8, 2.7, 4.1, 1. ],\n",
       "        [6.2, 2.2, 4.5, 1.5],\n",
       "        [5.6, 2.5, 3.9, 1.1],\n",
       "        [5.9, 3.2, 4.8, 1.8],\n",
       "        [6.1, 2.8, 4. , 1.3],\n",
       "        [6.3, 2.5, 4.9, 1.5],\n",
       "        [6.1, 2.8, 4.7, 1.2],\n",
       "        [6.4, 2.9, 4.3, 1.3],\n",
       "        [6.6, 3. , 4.4, 1.4],\n",
       "        [6.8, 2.8, 4.8, 1.4],\n",
       "        [6.7, 3. , 5. , 1.7],\n",
       "        [6. , 2.9, 4.5, 1.5],\n",
       "        [5.7, 2.6, 3.5, 1. ],\n",
       "        [5.5, 2.4, 3.8, 1.1],\n",
       "        [5.5, 2.4, 3.7, 1. ],\n",
       "        [5.8, 2.7, 3.9, 1.2],\n",
       "        [6. , 2.7, 5.1, 1.6],\n",
       "        [5.4, 3. , 4.5, 1.5],\n",
       "        [6. , 3.4, 4.5, 1.6],\n",
       "        [6.7, 3.1, 4.7, 1.5],\n",
       "        [6.3, 2.3, 4.4, 1.3],\n",
       "        [5.6, 3. , 4.1, 1.3],\n",
       "        [5.5, 2.5, 4. , 1.3],\n",
       "        [5.5, 2.6, 4.4, 1.2],\n",
       "        [6.1, 3. , 4.6, 1.4],\n",
       "        [5.8, 2.6, 4. , 1.2],\n",
       "        [5. , 2.3, 3.3, 1. ],\n",
       "        [5.6, 2.7, 4.2, 1.3],\n",
       "        [5.7, 3. , 4.2, 1.2],\n",
       "        [5.7, 2.9, 4.2, 1.3],\n",
       "        [6.2, 2.9, 4.3, 1.3],\n",
       "        [5.1, 2.5, 3. , 1.1],\n",
       "        [5.7, 2.8, 4.1, 1.3],\n",
       "        [6.3, 3.3, 6. , 2.5],\n",
       "        [5.8, 2.7, 5.1, 1.9],\n",
       "        [7.1, 3. , 5.9, 2.1],\n",
       "        [6.3, 2.9, 5.6, 1.8],\n",
       "        [6.5, 3. , 5.8, 2.2],\n",
       "        [7.6, 3. , 6.6, 2.1],\n",
       "        [4.9, 2.5, 4.5, 1.7],\n",
       "        [7.3, 2.9, 6.3, 1.8],\n",
       "        [6.7, 2.5, 5.8, 1.8],\n",
       "        [7.2, 3.6, 6.1, 2.5],\n",
       "        [6.5, 3.2, 5.1, 2. ],\n",
       "        [6.4, 2.7, 5.3, 1.9],\n",
       "        [6.8, 3. , 5.5, 2.1],\n",
       "        [5.7, 2.5, 5. , 2. ],\n",
       "        [5.8, 2.8, 5.1, 2.4],\n",
       "        [6.4, 3.2, 5.3, 2.3],\n",
       "        [6.5, 3. , 5.5, 1.8],\n",
       "        [7.7, 3.8, 6.7, 2.2],\n",
       "        [7.7, 2.6, 6.9, 2.3],\n",
       "        [6. , 2.2, 5. , 1.5],\n",
       "        [6.9, 3.2, 5.7, 2.3],\n",
       "        [5.6, 2.8, 4.9, 2. ],\n",
       "        [7.7, 2.8, 6.7, 2. ],\n",
       "        [6.3, 2.7, 4.9, 1.8],\n",
       "        [6.7, 3.3, 5.7, 2.1],\n",
       "        [7.2, 3.2, 6. , 1.8],\n",
       "        [6.2, 2.8, 4.8, 1.8],\n",
       "        [6.1, 3. , 4.9, 1.8],\n",
       "        [6.4, 2.8, 5.6, 2.1],\n",
       "        [7.2, 3. , 5.8, 1.6],\n",
       "        [7.4, 2.8, 6.1, 1.9],\n",
       "        [7.9, 3.8, 6.4, 2. ],\n",
       "        [6.4, 2.8, 5.6, 2.2],\n",
       "        [6.3, 2.8, 5.1, 1.5],\n",
       "        [6.1, 2.6, 5.6, 1.4],\n",
       "        [7.7, 3. , 6.1, 2.3],\n",
       "        [6.3, 3.4, 5.6, 2.4],\n",
       "        [6.4, 3.1, 5.5, 1.8],\n",
       "        [6. , 3. , 4.8, 1.8],\n",
       "        [6.9, 3.1, 5.4, 2.1],\n",
       "        [6.7, 3.1, 5.6, 2.4],\n",
       "        [6.9, 3.1, 5.1, 2.3],\n",
       "        [5.8, 2.7, 5.1, 1.9],\n",
       "        [6.8, 3.2, 5.9, 2.3],\n",
       "        [6.7, 3.3, 5.7, 2.5],\n",
       "        [6.7, 3. , 5.2, 2.3],\n",
       "        [6.3, 2.5, 5. , 1.9],\n",
       "        [6.5, 3. , 5.2, 2. ],\n",
       "        [6.2, 3.4, 5.4, 2.3],\n",
       "        [5.9, 3. , 5.1, 1.8]]),\n",
       " 'target': array([0, 0, 0, 0, 0, 0, 0, 0, 0, 0, 0, 0, 0, 0, 0, 0, 0, 0, 0, 0, 0, 0,\n",
       "        0, 0, 0, 0, 0, 0, 0, 0, 0, 0, 0, 0, 0, 0, 0, 0, 0, 0, 0, 0, 0, 0,\n",
       "        0, 0, 0, 0, 0, 0, 1, 1, 1, 1, 1, 1, 1, 1, 1, 1, 1, 1, 1, 1, 1, 1,\n",
       "        1, 1, 1, 1, 1, 1, 1, 1, 1, 1, 1, 1, 1, 1, 1, 1, 1, 1, 1, 1, 1, 1,\n",
       "        1, 1, 1, 1, 1, 1, 1, 1, 1, 1, 1, 1, 2, 2, 2, 2, 2, 2, 2, 2, 2, 2,\n",
       "        2, 2, 2, 2, 2, 2, 2, 2, 2, 2, 2, 2, 2, 2, 2, 2, 2, 2, 2, 2, 2, 2,\n",
       "        2, 2, 2, 2, 2, 2, 2, 2, 2, 2, 2, 2, 2, 2, 2, 2, 2, 2]),\n",
       " 'frame': None,\n",
       " 'target_names': array(['setosa', 'versicolor', 'virginica'], dtype='<U10'),\n",
       " 'DESCR': '.. _iris_dataset:\\n\\nIris plants dataset\\n--------------------\\n\\n**Data Set Characteristics:**\\n\\n:Number of Instances: 150 (50 in each of three classes)\\n:Number of Attributes: 4 numeric, predictive attributes and the class\\n:Attribute Information:\\n    - sepal length in cm\\n    - sepal width in cm\\n    - petal length in cm\\n    - petal width in cm\\n    - class:\\n            - Iris-Setosa\\n            - Iris-Versicolour\\n            - Iris-Virginica\\n\\n:Summary Statistics:\\n\\n============== ==== ==== ======= ===== ====================\\n                Min  Max   Mean    SD   Class Correlation\\n============== ==== ==== ======= ===== ====================\\nsepal length:   4.3  7.9   5.84   0.83    0.7826\\nsepal width:    2.0  4.4   3.05   0.43   -0.4194\\npetal length:   1.0  6.9   3.76   1.76    0.9490  (high!)\\npetal width:    0.1  2.5   1.20   0.76    0.9565  (high!)\\n============== ==== ==== ======= ===== ====================\\n\\n:Missing Attribute Values: None\\n:Class Distribution: 33.3% for each of 3 classes.\\n:Creator: R.A. Fisher\\n:Donor: Michael Marshall (MARSHALL%PLU@io.arc.nasa.gov)\\n:Date: July, 1988\\n\\nThe famous Iris database, first used by Sir R.A. Fisher. The dataset is taken\\nfrom Fisher\\'s paper. Note that it\\'s the same as in R, but not as in the UCI\\nMachine Learning Repository, which has two wrong data points.\\n\\nThis is perhaps the best known database to be found in the\\npattern recognition literature.  Fisher\\'s paper is a classic in the field and\\nis referenced frequently to this day.  (See Duda & Hart, for example.)  The\\ndata set contains 3 classes of 50 instances each, where each class refers to a\\ntype of iris plant.  One class is linearly separable from the other 2; the\\nlatter are NOT linearly separable from each other.\\n\\n.. dropdown:: References\\n\\n  - Fisher, R.A. \"The use of multiple measurements in taxonomic problems\"\\n    Annual Eugenics, 7, Part II, 179-188 (1936); also in \"Contributions to\\n    Mathematical Statistics\" (John Wiley, NY, 1950).\\n  - Duda, R.O., & Hart, P.E. (1973) Pattern Classification and Scene Analysis.\\n    (Q327.D83) John Wiley & Sons.  ISBN 0-471-22361-1.  See page 218.\\n  - Dasarathy, B.V. (1980) \"Nosing Around the Neighborhood: A New System\\n    Structure and Classification Rule for Recognition in Partially Exposed\\n    Environments\".  IEEE Transactions on Pattern Analysis and Machine\\n    Intelligence, Vol. PAMI-2, No. 1, 67-71.\\n  - Gates, G.W. (1972) \"The Reduced Nearest Neighbor Rule\".  IEEE Transactions\\n    on Information Theory, May 1972, 431-433.\\n  - See also: 1988 MLC Proceedings, 54-64.  Cheeseman et al\"s AUTOCLASS II\\n    conceptual clustering system finds 3 classes in the data.\\n  - Many, many more ...\\n',\n",
       " 'feature_names': ['sepal length (cm)',\n",
       "  'sepal width (cm)',\n",
       "  'petal length (cm)',\n",
       "  'petal width (cm)'],\n",
       " 'filename': 'iris.csv',\n",
       " 'data_module': 'sklearn.datasets.data'}"
      ]
     },
     "execution_count": 1,
     "metadata": {},
     "output_type": "execute_result"
    }
   ],
   "source": [
    "from sklearn import datasets\n",
    "from sklearn.model_selection import train_test_split\n",
    "from sklearn.preprocessing import StandardScaler\n",
    "from sklearn.linear_model import LogisticRegression\n",
    "\n",
    "\n",
    "data=datasets.load_iris()\n",
    "\n",
    "data"
   ]
  },
  {
   "cell_type": "code",
   "execution_count": 2,
   "metadata": {},
   "outputs": [
    {
     "data": {
      "text/html": [
       "<div>\n",
       "<style scoped>\n",
       "    .dataframe tbody tr th:only-of-type {\n",
       "        vertical-align: middle;\n",
       "    }\n",
       "\n",
       "    .dataframe tbody tr th {\n",
       "        vertical-align: top;\n",
       "    }\n",
       "\n",
       "    .dataframe thead th {\n",
       "        text-align: right;\n",
       "    }\n",
       "</style>\n",
       "<table border=\"1\" class=\"dataframe\">\n",
       "  <thead>\n",
       "    <tr style=\"text-align: right;\">\n",
       "      <th></th>\n",
       "      <th>sepal length (cm)</th>\n",
       "      <th>sepal width (cm)</th>\n",
       "      <th>petal length (cm)</th>\n",
       "      <th>petal width (cm)</th>\n",
       "      <th>species</th>\n",
       "    </tr>\n",
       "  </thead>\n",
       "  <tbody>\n",
       "    <tr>\n",
       "      <th>0</th>\n",
       "      <td>5.1</td>\n",
       "      <td>3.5</td>\n",
       "      <td>1.4</td>\n",
       "      <td>0.2</td>\n",
       "      <td>0</td>\n",
       "    </tr>\n",
       "    <tr>\n",
       "      <th>1</th>\n",
       "      <td>4.9</td>\n",
       "      <td>3.0</td>\n",
       "      <td>1.4</td>\n",
       "      <td>0.2</td>\n",
       "      <td>0</td>\n",
       "    </tr>\n",
       "    <tr>\n",
       "      <th>2</th>\n",
       "      <td>4.7</td>\n",
       "      <td>3.2</td>\n",
       "      <td>1.3</td>\n",
       "      <td>0.2</td>\n",
       "      <td>0</td>\n",
       "    </tr>\n",
       "    <tr>\n",
       "      <th>3</th>\n",
       "      <td>4.6</td>\n",
       "      <td>3.1</td>\n",
       "      <td>1.5</td>\n",
       "      <td>0.2</td>\n",
       "      <td>0</td>\n",
       "    </tr>\n",
       "    <tr>\n",
       "      <th>4</th>\n",
       "      <td>5.0</td>\n",
       "      <td>3.6</td>\n",
       "      <td>1.4</td>\n",
       "      <td>0.2</td>\n",
       "      <td>0</td>\n",
       "    </tr>\n",
       "    <tr>\n",
       "      <th>5</th>\n",
       "      <td>5.4</td>\n",
       "      <td>3.9</td>\n",
       "      <td>1.7</td>\n",
       "      <td>0.4</td>\n",
       "      <td>0</td>\n",
       "    </tr>\n",
       "    <tr>\n",
       "      <th>6</th>\n",
       "      <td>4.6</td>\n",
       "      <td>3.4</td>\n",
       "      <td>1.4</td>\n",
       "      <td>0.3</td>\n",
       "      <td>0</td>\n",
       "    </tr>\n",
       "    <tr>\n",
       "      <th>7</th>\n",
       "      <td>5.0</td>\n",
       "      <td>3.4</td>\n",
       "      <td>1.5</td>\n",
       "      <td>0.2</td>\n",
       "      <td>0</td>\n",
       "    </tr>\n",
       "    <tr>\n",
       "      <th>8</th>\n",
       "      <td>4.4</td>\n",
       "      <td>2.9</td>\n",
       "      <td>1.4</td>\n",
       "      <td>0.2</td>\n",
       "      <td>0</td>\n",
       "    </tr>\n",
       "    <tr>\n",
       "      <th>9</th>\n",
       "      <td>4.9</td>\n",
       "      <td>3.1</td>\n",
       "      <td>1.5</td>\n",
       "      <td>0.1</td>\n",
       "      <td>0</td>\n",
       "    </tr>\n",
       "  </tbody>\n",
       "</table>\n",
       "</div>"
      ],
      "text/plain": [
       "   sepal length (cm)  sepal width (cm)  petal length (cm)  petal width (cm)  \\\n",
       "0                5.1               3.5                1.4               0.2   \n",
       "1                4.9               3.0                1.4               0.2   \n",
       "2                4.7               3.2                1.3               0.2   \n",
       "3                4.6               3.1                1.5               0.2   \n",
       "4                5.0               3.6                1.4               0.2   \n",
       "5                5.4               3.9                1.7               0.4   \n",
       "6                4.6               3.4                1.4               0.3   \n",
       "7                5.0               3.4                1.5               0.2   \n",
       "8                4.4               2.9                1.4               0.2   \n",
       "9                4.9               3.1                1.5               0.1   \n",
       "\n",
       "   species  \n",
       "0        0  \n",
       "1        0  \n",
       "2        0  \n",
       "3        0  \n",
       "4        0  \n",
       "5        0  \n",
       "6        0  \n",
       "7        0  \n",
       "8        0  \n",
       "9        0  "
      ]
     },
     "execution_count": 2,
     "metadata": {},
     "output_type": "execute_result"
    }
   ],
   "source": [
    "import pandas as pd\n",
    "\n",
    "df=pd.DataFrame(data.data, columns=data.feature_names)\n",
    "df['species']=data.target\n",
    "\n",
    "df.head(10)"
   ]
  },
  {
   "cell_type": "code",
   "execution_count": 3,
   "metadata": {},
   "outputs": [],
   "source": [
    "## Dividimos el dataset en train y test\n",
    "\n",
    "X_train, X_test, y_train, y_test = train_test_split(data.data, data.target, test_size=0.4, random_state=0)\n",
    "\n",
    "### Instanciamos el modelo\n",
    "\n",
    "model=LogisticRegression()\n",
    "\n",
    "### Entrenamos el modelo\n",
    "\n",
    "model.fit(X_train, y_train)\n",
    "\n",
    "### Predecimos\n",
    "\n",
    "y_pred=model.predict(X_test)\n",
    "y_pred_proba=model.predict_proba(X_test)"
   ]
  },
  {
   "cell_type": "code",
   "execution_count": 4,
   "metadata": {},
   "outputs": [
    {
     "name": "stdout",
     "output_type": "stream",
     "text": [
      "              precision    recall  f1-score   support\n",
      "\n",
      "           0       1.00      1.00      1.00        16\n",
      "           1       0.85      0.96      0.90        23\n",
      "           2       0.94      0.81      0.87        21\n",
      "\n",
      "    accuracy                           0.92        60\n",
      "   macro avg       0.93      0.92      0.92        60\n",
      "weighted avg       0.92      0.92      0.92        60\n",
      "\n"
     ]
    }
   ],
   "source": [
    "from sklearn.metrics import classification_report\n",
    "\n",
    "print(classification_report(y_test, y_pred))"
   ]
  },
  {
   "cell_type": "code",
   "execution_count": 6,
   "metadata": {},
   "outputs": [
    {
     "data": {
      "text/plain": [
       "array([[-0.44744322,  0.66852963, -2.14742465, -0.93048837],\n",
       "       [ 0.34094557, -0.60676941, -0.09795658, -0.6335666 ],\n",
       "       [ 0.10649765, -0.06176022,  2.24538123,  1.56405497]])"
      ]
     },
     "execution_count": 6,
     "metadata": {},
     "output_type": "execute_result"
    }
   ],
   "source": [
    "model.coef_"
   ]
  },
  {
   "cell_type": "code",
   "execution_count": 7,
   "metadata": {},
   "outputs": [
    {
     "data": {
      "text/plain": [
       "array([  9.30654654,   3.05962178, -12.36616831])"
      ]
     },
     "execution_count": 7,
     "metadata": {},
     "output_type": "execute_result"
    }
   ],
   "source": [
    "model.intercept_"
   ]
  },
  {
   "cell_type": "code",
   "execution_count": 5,
   "metadata": {},
   "outputs": [
    {
     "data": {
      "text/plain": [
       "array([[3.29825416e-04, 1.22805343e-01, 8.76864832e-01],\n",
       "       [1.49261188e-02, 9.68411189e-01, 1.66626922e-02],\n",
       "       [9.87110644e-01, 1.28890667e-02, 2.88839796e-07],\n",
       "       [3.88052353e-06, 4.06203445e-02, 9.59375775e-01],\n",
       "       [9.70897321e-01, 2.91020797e-02, 5.99354239e-07],\n",
       "       [6.07111008e-06, 1.15459744e-02, 9.88447955e-01],\n",
       "       [9.82279008e-01, 1.77206915e-02, 3.00477133e-07],\n",
       "       [4.17764752e-03, 7.27405436e-01, 2.68416917e-01],\n",
       "       [2.31301527e-03, 7.61256928e-01, 2.36430056e-01],\n",
       "       [2.61003449e-02, 9.31902944e-01, 4.19967111e-02],\n",
       "       [2.52670771e-04, 3.18465168e-01, 6.81282161e-01],\n",
       "       [9.77397212e-03, 7.84870315e-01, 2.05355713e-01],\n",
       "       [5.75872140e-03, 8.37927087e-01, 1.56314192e-01],\n",
       "       [4.44887919e-03, 7.90252927e-01, 2.05298194e-01],\n",
       "       [5.60299154e-03, 7.61561343e-01, 2.32835665e-01],\n",
       "       [9.83307031e-01, 1.66927194e-02, 2.49227597e-07],\n",
       "       [9.27256765e-03, 7.96390845e-01, 1.94336588e-01],\n",
       "       [1.42245595e-02, 8.99979280e-01, 8.57961604e-02],\n",
       "       [9.65450667e-01, 3.45487425e-02, 5.90948342e-07],\n",
       "       [9.84934836e-01, 1.50648037e-02, 3.60317826e-07],\n",
       "       [1.80869563e-03, 3.39019691e-01, 6.59171613e-01],\n",
       "       [1.39343589e-02, 7.68547200e-01, 2.17518441e-01],\n",
       "       [9.45072448e-01, 5.49245255e-02, 3.02669896e-06],\n",
       "       [9.72015674e-01, 2.79839264e-02, 3.99615898e-07],\n",
       "       [2.32131845e-03, 5.36083367e-01, 4.61595314e-01],\n",
       "       [9.93955554e-01, 6.04439895e-03, 4.72421886e-08],\n",
       "       [9.55187524e-01, 4.48080337e-02, 4.44195085e-06],\n",
       "       [1.43270660e-02, 9.01067362e-01, 8.46055719e-02],\n",
       "       [1.38662645e-01, 8.57517664e-01, 3.81969123e-03],\n",
       "       [9.62422190e-01, 3.75762914e-02, 1.51819069e-06],\n",
       "       [2.15595996e-04, 1.66921067e-01, 8.32863337e-01],\n",
       "       [1.61076583e-02, 7.58817576e-01, 2.25074765e-01],\n",
       "       [9.70033266e-01, 2.99661119e-02, 6.21864141e-07],\n",
       "       [2.19183135e-03, 4.44940209e-01, 5.52867959e-01],\n",
       "       [4.58511270e-05, 7.19390900e-02, 9.28015059e-01],\n",
       "       [5.37257732e-02, 8.99553329e-01, 4.67208979e-02],\n",
       "       [9.53736296e-01, 4.62617027e-02, 2.00155066e-06],\n",
       "       [1.21093249e-03, 4.72885502e-01, 5.25903566e-01],\n",
       "       [2.28748615e-02, 8.64247427e-01, 1.12877712e-01],\n",
       "       [2.66399602e-02, 9.40624003e-01, 3.27360365e-02],\n",
       "       [8.14271579e-05, 1.07316841e-01, 8.92601732e-01],\n",
       "       [9.80135354e-01, 1.98643994e-02, 2.46321428e-07],\n",
       "       [2.74096788e-04, 1.60848692e-01, 8.38877211e-01],\n",
       "       [9.64809661e-01, 3.51880090e-02, 2.33001939e-06],\n",
       "       [9.72738059e-01, 2.72613394e-02, 6.01987284e-07],\n",
       "       [6.78302395e-02, 9.26569675e-01, 5.60008547e-03],\n",
       "       [1.87085976e-04, 1.78047762e-01, 8.21765152e-01],\n",
       "       [1.79183532e-05, 2.52578241e-02, 9.74724258e-01],\n",
       "       [1.11164473e-03, 6.49572058e-01, 3.49316298e-01],\n",
       "       [3.29950466e-05, 1.28638831e-01, 8.71328174e-01],\n",
       "       [3.48564049e-02, 9.44429654e-01, 2.07139409e-02],\n",
       "       [2.35608864e-06, 2.29127777e-02, 9.77084866e-01],\n",
       "       [6.27026238e-03, 6.35766121e-01, 3.57963616e-01],\n",
       "       [4.07080734e-02, 9.43423192e-01, 1.58687345e-02],\n",
       "       [1.42804995e-03, 4.97591667e-01, 5.00980283e-01],\n",
       "       [1.25755427e-03, 5.31618387e-01, 4.67124058e-01],\n",
       "       [1.11227944e-02, 7.09317045e-01, 2.79560160e-01],\n",
       "       [7.25694995e-04, 4.12626688e-01, 5.86647617e-01],\n",
       "       [4.09096690e-03, 7.71095025e-01, 2.24814008e-01],\n",
       "       [4.02620730e-04, 2.19866930e-01, 7.79730449e-01]])"
      ]
     },
     "execution_count": 5,
     "metadata": {},
     "output_type": "execute_result"
    }
   ],
   "source": [
    "y_pred_proba"
   ]
  },
  {
   "cell_type": "code",
   "execution_count": 9,
   "metadata": {},
   "outputs": [
    {
     "data": {
      "text/plain": [
       "array([False, False,  True, False,  True, False,  True, False, False,\n",
       "       False, False, False, False, False, False,  True, False, False,\n",
       "        True,  True, False, False,  True,  True, False,  True,  True,\n",
       "       False, False,  True, False, False,  True, False, False, False,\n",
       "        True, False, False, False, False,  True, False,  True,  True,\n",
       "       False, False, False, False, False, False, False, False, False,\n",
       "       False, False, False, False, False, False])"
      ]
     },
     "execution_count": 9,
     "metadata": {},
     "output_type": "execute_result"
    }
   ],
   "source": [
    "y_test==0"
   ]
  },
  {
   "cell_type": "code",
   "execution_count": 15,
   "metadata": {},
   "outputs": [
    {
     "data": {
